<?xml version="1.0"?>
<opencv_storage>
<camera_matrix type_id="opencv-matrix">
  <rows>3</rows>
  <cols>3</cols>
  <dt>d</dt>
  <data>
    1.1154628633554473e+03 0. 3.5959841617964037e+02 0.
    1.0788589160337513e+03 2.9915818278962615e+02 0. 0. 1.</data></camera_matrix>
<distort_coeff type_id="opencv-matrix">
  <rows>5</rows>
  <cols>1</cols>
  <dt>d</dt>
  <data>
    3.0797151095130579e-02 2.9039274877833726e-01
    -5.8632666922069357e-03 -5.9535648869765007e-02
    -5.0530283435207290e-01</data></distort_coeff>
<r_vec>
  <_ type_id="opencv-matrix">
    <rows>3</rows>
    <cols>1</cols>
    <dt>d</dt>
    <data>
      -3.4278721522474903e-01 -9.5238020761691167e-01
      -2.8608479242847920e+00</data></_>
  <_ type_id="opencv-matrix">
    <rows>3</rows>
    <cols>1</cols>
    <dt>d</dt>
    <data>
      -1.1171687893130587e-01 7.5622544807446135e-01
      2.3670250313151842e+00</data></_>
  <_ type_id="opencv-matrix">
    <rows>3</rows>
    <cols>1</cols>
    <dt>d</dt>
    <data>
      -1.5885680052246490e-01 -8.3057566501697966e-01
      -2.9783258183711050e+00</data></_>
  <_ type_id="opencv-matrix">
    <rows>3</rows>
    <cols>1</cols>
    <dt>d</dt>
    <data>
      -9.3238974250749651e-01 3.1812364611356947e-02
      -1.4867075227742605e+00</data></_>
  <_ type_id="opencv-matrix">
    <rows>3</rows>
    <cols>1</cols>
    <dt>d</dt>
    <data>
      -8.9853261202658785e-01 1.3971571008550715e-01
      5.3803172057410122e-02</data></_>
  <_ type_id="opencv-matrix">
    <rows>3</rows>
    <cols>1</cols>
    <dt>d</dt>
    <data>
      -1.1387994964429489e-01 2.5694055472848382e-01
      1.5627151351655568e+00</data></_>
  <_ type_id="opencv-matrix">
    <rows>3</rows>
    <cols>1</cols>
    <dt>d</dt>
    <data>
      -1.0878550431103609e+00 -9.0925471968957094e-01
      -2.4502831014371367e+00</data></_>
  <_ type_id="opencv-matrix">
    <rows>3</rows>
    <cols>1</cols>
    <dt>d</dt>
    <data>
      -1.1551610488950379e+00 -2.8163907265683345e-02
      -2.2210638451057290e+00</data></_>
  <_ type_id="opencv-matrix">
    <rows>3</rows>
    <cols>1</cols>
    <dt>d</dt>
    <data>
      -3.8242328302013606e-01 2.4369460321841321e-01
      1.1712908953116810e-01</data></_>
  <_ type_id="opencv-matrix">
    <rows>3</rows>
    <cols>1</cols>
    <dt>d</dt>
    <data>
      -3.3209563858738772e-01 8.8441125951984695e-02
      -1.5296054716993972e+00</data></_>
  <_ type_id="opencv-matrix">
    <rows>3</rows>
    <cols>1</cols>
    <dt>d</dt>
    <data>
      -1.3507605728923531e+00 8.3227522491386471e-02
      5.0362322954351835e-02</data></_>
  <_ type_id="opencv-matrix">
    <rows>3</rows>
    <cols>1</cols>
    <dt>d</dt>
    <data>
      -1.1551153996964856e-02 1.5835791843516867e-01
      5.6944380983758633e-02</data></_>
  <_ type_id="opencv-matrix">
    <rows>3</rows>
    <cols>1</cols>
    <dt>d</dt>
    <data>
      -1.9879506463122065e-01 -4.9361334036430116e-02
      -3.1115896122429123e+00</data></_>
  <_ type_id="opencv-matrix">
    <rows>3</rows>
    <cols>1</cols>
    <dt>d</dt>
    <data>
      -1.0577605752828398e+00 -1.6699445653048459e-01
      -2.5720595284836825e+00</data></_>
  <_ type_id="opencv-matrix">
    <rows>3</rows>
    <cols>1</cols>
    <dt>d</dt>
    <data>
      -1.3401776407191854e-01 -5.8347472751439289e-01
      -3.0247817890370654e-01</data></_>
  <_ type_id="opencv-matrix">
    <rows>3</rows>
    <cols>1</cols>
    <dt>d</dt>
    <data>
      -1.8846669783787429e-01 7.1602192461076491e-02
      -1.5541652816842233e+00</data></_>
  <_ type_id="opencv-matrix">
    <rows>3</rows>
    <cols>1</cols>
    <dt>d</dt>
    <data>
      -7.6982078767590101e-01 1.0702819120339551e+00
      1.4845390668690444e+00</data></_>
  <_ type_id="opencv-matrix">
    <rows>3</rows>
    <cols>1</cols>
    <dt>d</dt>
    <data>
      -7.4346691047074054e-01 9.9728987580247352e-01
      1.4880999577787104e+00</data></_>
  <_ type_id="opencv-matrix">
    <rows>3</rows>
    <cols>1</cols>
    <dt>d</dt>
    <data>
      -8.6680059725313185e-01 9.0214267380867830e-01
      9.8449881382375648e-01</data></_>
  <_ type_id="opencv-matrix">
    <rows>3</rows>
    <cols>1</cols>
    <dt>d</dt>
    <data>
      -1.1572264408603772e-01 2.2087896120652367e-01
      1.5328959597836829e+00</data></_>
  <_ type_id="opencv-matrix">
    <rows>3</rows>
    <cols>1</cols>
    <dt>d</dt>
    <data>
      1.3087815902150216e-01 4.0451144860085519e-01
      1.5608559902555643e+00</data></_>
  <_ type_id="opencv-matrix">
    <rows>3</rows>
    <cols>1</cols>
    <dt>d</dt>
    <data>
      -3.5215856626735514e-01 -2.4123117953440976e-01
      -4.5349570798064165e-01</data></_>
  <_ type_id="opencv-matrix">
    <rows>3</rows>
    <cols>1</cols>
    <dt>d</dt>
    <data>
      -3.6585511611744354e-01 -3.1116374131079400e-01
      -6.6365543106833780e-01</data></_></r_vec>
